300	64	131
1	2	0	82	100	4	B
2	1	0	96	74	3	C
3	1	0	71	75	4	D
4	1	1	77	91	1	B
5	1	1	81	96	3	C
6	1	1	74	90	1	D
7	1	2	85	100	3	B
8	1	3	88	93	4	C
9	1	3	78	88	2	D
10	1	3	82	90	2	B
11	1	3	88	88	1	C
12	1	4	87	93	2	D
13	1	5	67	93	3	B
14	1	5	81	78	2	C
15	1	5	68	77	3	D
16	1	5	92	79	3	A
17	2	5	67	93	4	B
18	1	5	87	80	3	C
19	1	5	92	88	1	D
20	1	5	76	72	2	B
21	1	6	94	72	2	C
22	1	6	74	82	4	D
23	1	6	76	79	3	A
24	2	6	83	79	1	B
25	1	6	67	99	4	C
26	1	6	90	86	3	D
27	1	6	91	97	4	B
28	1	6	72	90	4	C
29	1	6	79	84	2	D
30	1	6	75	74	1	B
31	1	6	67	88	4	C
32	2	6	99	77	3	D
33	1	7	91	79	3	B
34	1	7	72	85	4	C
35	1	7	68	83	3	D
36	1	7	86	71	1	B
37	2	7	85	88	3	C
38	1	7	89	97	1	D
39	1	8	92	76	4	B
40	1	8	73	93	2	C
41	1	8	71	75	1	D
42	1	8	83	96	4	A
43	1	8	73	91	3	B
44	2	9	82	97	4	C
45	1	9	89	97	3	D
46	1	9	97	86	4	B
47	1	9	75	73	3	C
48	1	9	71	73	2	D
49	2	9	85	84	2	B
50	2	9	96	79	3	C
51	1	10	97	90	3	D
52	1	10	99	78	1	B
53	1	10	78	77	1	C
54	1	10	84	75	2	D
55	2	10	83	73	3	A
56	1	10	91	86	4	B
57	2	10	85	83	1	C
58	1	10	67	72	1	D
59	1	10	85	84	2	B
60	1	11	77	91	2	C
61	1	11	75	76	2	D
62	1	11	70	86	1	B
63	1	11	71	89	1	C
64	2	11	78	76	1	D
65	1	11	73	80	4	A
66	1	12	88	86	2	B
67	2	13	92	83	2	C
68	1	13	71	96	1	D
69	2	14	74	79	1	A
70	1	14	92	80	3	B
71	1	14	66	96	2	C
72	1	14	100	88	1	D
73	1	14	91	94	2	A
74	1	14	78	99	3	B
75	1	14	78	88	3	C
76	1	14	87	89	1	D
77	2	15	75	98	1	A
78	1	15	69	75	1	B
79	1	15	72	82	3	C
80	2	15	73	84	1	D
81	1	15	90	95	4	A
82	2	16	72	89	4	B
83	1	16	86	98	1	C
84	1	16	100	85	4	D
85	1	16	87	74	1	B
86	1	16	68	76	1	C
87	1	16	96	92	1	D
88	1	16	95	89	1	A
89	1	17	99	74	1	B
90	1	17	79	90	4	C
91	1	17	97	90	2	D
92	2	17	95	84	2	B
93	1	17	69	81	3	C
94	1	18	72	84	1	D
95	1	19	88	99	1	B
96	1	19	68	71	2	C
97	1	19	74	98	3	D
98	2	19	89	87	3	B
99	1	20	79	76	1	C
100	2	20	94	75	1	D
101	1	20	68	72	2	B
102	1	20	87	85	1	C
103	1	20	74	98	1	D
104	1	20	80	84	1	A
105	2	20	100	93	3	B
106	1	21	90	85	1	C
107	1	21	67	75	1	D
108	2	21	74	80	4	B
109	1	21	90	76	2	C
110	1	22	84	84	1	D
111	1	22	74	100	1	A
112	1	22	68	92	3	B
113	1	22	72	91	4	C
114	1	22	99	100	4	D
115	1	22	82	76	2	A
116	1	22	100	85	4	B
117	1	22	69	78	4	C
118	1	22	75	75	1	D
119	1	22	81	90	3	A
120	1	23	80	77	3	B
121	1	23	93	82	1	C
122	2	24	78	76	2	D
123	1	24	96	79	3	B
124	1	24	84	100	2	C
125	1	25	86	77	3	D
126	1	25	94	91	4	B
127	1	25	91	100	3	C
128	1	25	87	77	3	D
129	1	26	98	96	3	B
130	2	26	93	96	4	C
131	1	26	100	71	3	D
132	1	26	85	83	2	B
133	1	26	73	71	1	C
134	2	26	69	96	1	D
135	1	27	87	93	4	A
136	1	27	66	92	3	B
137	1	27	76	81	3	C
138	1	27	72	78	1	D
139	1	27	99	82	1	B
140	2	27	92	87	1	C
141	1	27	73	90	4	D
142	2	28	77	74	1	B
143	1	28	78	100	2	C
144	1	28	99	100	4	D
145	1	28	92	87	2	A
146	1	29	97	82	4	B
147	1	29	70	100	4	C
148	1	29	99	75	1	D
149	2	30	79	78	1	B
150	1	30	77	88	2	C
151	1	30	88	75	2	D
152	1	31	94	73	3	B
153	1	31	82	89	4	C
154	1	31	81	90	2	D
155	1	31	95	93	3	B
156	1	31	78	79	4	C
157	1	32	67	91	4	D
158	1	33	90	85	1	B
159	1	33	74	83	1	C
160	2	33	78	77	4	D
161	1	33	69	82	4	B
162	1	34	78	76	2	C
163	2	34	95	73	1	D
164	2	34	67	73	4	B
165	1	35	89	73	2	C
166	1	35	72	81	2	D
167	1	36	86	82	4	B
168	1	36	76	75	3	C
169	2	36	76	85	3	D
170	1	36	77	98	2	B
171	2	37	71	100	2	C
172	1	37	69	77	1	D
173	1	37	85	82	2	B
174	1	37	68	83	3	C
175	2	38	67	74	1	D
176	1	38	77	81	2	B
177	1	38	96	76	1	C
178	1	39	72	89	1	D
179	1	40	87	99	1	A
180	1	40	85	77	2	B
181	1	40	88	94	4	C
182	1	40	76	79	4	D
183	2	41	68	100	1	B
184	1	41	95	88	4	C
185	1	41	95	74	2	D
186	2	41	82	89	3	B
187	2	42	100	97	4	C
188	1	42	88	78	4	D
189	1	42	92	90	2	B
190	1	42	87	85	2	C
191	1	42	87	88	1	D
192	2	42	70	73	4	B
193	1	42	68	93	2	C
194	1	43	93	96	3	D
195	1	43	75	81	3	B
196	1	43	88	84	3	C
197	1	43	85	87	1	D
198	1	43	78	74	3	B
199	2	43	88	95	1	C
200	1	44	90	90	4	D
201	1	44	66	90	2	B
202	1	44	82	83	2	C
203	1	44	80	73	2	D
204	1	44	99	75	4	B
205	1	45	83	76	4	C
206	1	45	68	84	4	D
207	1	45	100	94	4	B
208	1	46	87	98	3	C
209	1	46	87	71	1	D
210	1	46	99	81	1	B
211	1	46	75	85	2	C
212	2	47	82	78	3	D
213	2	47	99	71	2	B
214	1	48	86	93	4	C
215	2	48	66	95	2	D
216	1	48	83	94	3	B
217	1	48	90	86	4	C
218	1	49	75	99	3	D
219	1	49	84	90	3	B
220	1	49	94	97	3	C
221	1	49	74	92	3	D
222	1	50	70	87	2	B
223	1	50	68	90	4	C
224	1	50	92	91	3	D
225	1	50	69	98	2	B
226	1	50	66	74	1	C
227	1	51	98	90	1	D
228	1	51	84	77	1	B
229	2	51	70	85	3	C
230	1	51	100	91	2	D
231	1	51	96	82	3	B
232	2	51	75	92	3	C
233	1	52	67	92	4	D
234	1	52	84	96	4	A
235	1	52	88	82	3	B
236	2	53	94	87	1	C
237	1	53	84	96	3	D
238	1	53	84	79	4	B
239	2	53	85	72	1	C
240	1	54	77	88	3	D
241	1	54	72	94	2	A
242	1	54	94	87	2	B
243	1	54	75	93	3	C
244	2	55	89	94	2	D
245	1	56	82	85	2	B
246	1	56	93	80	4	C
247	1	57	71	100	3	D
248	1	57	74	78	4	B
249	1	57	77	94	1	C
250	1	57	85	87	1	D
251	1	57	72	72	4	B
252	1	57	72	80	1	C
253	1	57	78	87	1	D
254	2	58	77	85	1	B
255	1	58	70	89	2	C
256	1	59	86	90	2	D
257	1	59	90	87	3	B
258	1	60	71	83	2	C
259	1	60	81	80	3	D
260	1	60	92	91	1	B
261	1	61	71	76	4	C
262	1	61	99	89	2	D
263	1	61	76	97	2	B
264	1	61	91	95	3	C
265	1	61	79	75	2	D
266	1	61	99	85	4	B
267	1	61	71	99	2	C
268	1	61	94	84	1	D
269	1	62	91	85	2	B
270	1	62	80	100	4	C
271	1	62	76	81	2	D
272	1	63	72	76	3	B
273	1	63	90	97	4	C
274	1	63	73	99	3	D
275	1	64	91	93	3	B
276	2	64	79	93	4	C
277	1	64	79	97	1	D
278	1	65	66	97	2	B
279	1	65	77	77	1	C
280	1	65	97	89	2	D
281	1	65	74	92	1	B
282	1	65	77	93	1	C
283	1	65	91	81	3	D
284	1	66	74	77	1	B
285	2	66	83	84	3	C
286	1	67	83	79	3	D
287	1	67	85	99	2	A
288	1	67	67	82	1	B
289	1	68	77	81	1	C
290	1	68	93	73	4	D
291	1	68	67	99	4	A
292	2	68	85	73	1	B
293	1	68	69	74	2	C
294	1	68	68	94	3	D
295	1	68	78	77	2	B
296	1	69	96	90	1	C
297	1	69	76	73	3	D
298	2	69	77	79	2	A
299	1	69	99	92	2	B
300	1	69	91	81	4	C
-1
